   1       1          11      1 1 11111 1        1     1111     1   1111                   1 1  
       1      1           11    11111 11  1 1  1  1 1    11111       11111                     1   
                      1    1111 1 1 111111 1 1      1 11111111      1111    11                     
                 1111        11111  1111 1111   1 111111111111  111111      1                      
              1                 11111 11111111   1111111111111  1111                               
               11       1        1111111111111111111111111111111111                           1    
        1       111   1   1    1  11111111110011111110011111111111   1                             
                    1 1    1  11111111111111100011100100000111111 1111                             
                      1  1111  111111111100000000100110000111111111 11                             
                   1       111  11111111100001001010110000111111111111                                 
                    11      1111 111111100000100000000000011111111111  1                           
                         11  111111111111000010000000100001111111111111                            
                              111111111101100000000011000101111111                                 
                               1111111110111011011101100110111111111                             11
                               111111111111100000000000011111111111                        11111111
11111111111                    111111111111001000000000011111111111                  1111111    11 
11      1111111              111111111111111111011000111111111111  111              11         11  
 11        1111111            111111111111111111011111111111111                   111         11111
   1         1     1111            1111111111111111111111111111            111111111        111  11                 Look at you, hacker: 
11  11        1111    11111             1111111111111111111             111111111111111111111111111                 A pathetic creature of meat and bone, panting and sweating as you try to answer my questions.
 111111111111111111111111111    11        1 111111111111      11111      111111 111                                 How can you challenge a perfect, immortal machine?
                       1111    11111111      111111111      1111111    1111    1        1     1    
                    11 11111111    111 111   111111111   1111      1111111                 11      
                        1111111111111111111 11 1111 1111111111111111111111              11         
                         111111111111111111111 11111 11111111111111111111                          
                          11111110001111111111 11111 1111111111111111111     111                   
                           111111111011111111  11111  11111111111111111                            
                             11111101111111     111     11111111111111                             
                              11111111111111    111     111111111111                               
                               111111111111     111     111111111111                               
                                 1111111111 11 1111 11  111111111                                  
                                   11111111  111101111  111111111                                  
                                    11111111   1111    111111111                                   
       11    11         1111111      111111111        1111111          111     11111111111111111111
    11111111111       111111111         11111111   11111111                1       11   1 1 1     1
  11                             111  11                      1  111 1                             
11                     111111111111         111111111111              11111                        
               11111111                      1100000111                  1111111                   
           1111                                                                  1111 1111111111   
         1111                           11                 111                      1111       1111
 1    11111                           11      1111111       111                                    
111111                               1            1           11                                   
                                   11                          111                                 
                                  11                            111                                